    10   2
1            -0.251212943978263 0.783821182616281
2            0.200410552627342 0.957958730316607
3            0.262183080589835 2.65843892102458
4            -0.212693356647599 3.44870455952566
5            -0.0490829840647292 3.0235823052429
6            -0.987320349818224 -0.277594215177626
7            -0.753502571721837 -0.958085032534707
8            -0.137648751671834 -2.70904458979905
9            -0.240122055920072 0.166306816209549
10           0.289753645671339 0.136684300646463
    10   2
1            10
2            10
3            10
4            10
5            10
6            00
7            00
8            01
9            00
10           00

